	Inverted File by Manh Quang

Input Data
      0.03         0         0      0.04      0.31      0.22         0
      0.64      0.33      0.01         0         0         0      0.05
         0         0      0.25      0.29      0.01      0.01      0.05
         0       0.6      0.33      0.27         0      0.12       0.3
      0.55         0         0         0      0.12         0      0.01
      0.47      0.02         0         0      0.15      0.56       0.2
      0.01      0.13      0.05         0         0         0         0

Inverse Document Frequency


    Idf(1) = 0.24    Idf(2) = 0.24    Idf(3) = 0.15    Idf(4) = 0.15    Idf(5) = 0.37    Idf(6) = 0.15    Idf(7) = 0.37

Frequency Distribution
      0.01         0         0      0.01      0.07      0.05         0
      0.15      0.08         0         0         0         0      0.01
         0         0      0.04      0.04         0         0      0.01
         0      0.09      0.05      0.04         0      0.02      0.05
       0.2         0         0         0      0.04         0         0
      0.07         0         0         0      0.02      0.08      0.03
         0      0.05      0.02         0         0         0         0

Frequency Distribution Vector

      0.01      0.15         0         0       0.2      0.07         0

         0      0.08         0      0.09         0         0      0.05

         0         0      0.04      0.05         0         0      0.02

      0.01         0      0.04      0.04         0         0         0

      0.07         0         0         0      0.04      0.02         0

      0.05         0         0      0.02         0      0.08         0

         0      0.01      0.01      0.05         0      0.03         0

Inverted File

Cosine D and Qi : 
    D(1) = 0.77    D(2) = 0.32    D(3) = 0.28    D(4) = 0.3    D(5) = 0.88    D(6) = 0.41

Result Cosine (D,Qi) : 
       D (3)       D (4)       D (2)       D (6)       D (1)       D (5)
